$ANSIBLE_VAULT;1.1;AES256
64633664306461313462653834366465396631643435386364306564393465336436356535393539
3035646133376234323963633761653632633965323865620a316338333831646466376433346161
38666663363731323537623762666363646539366236663166613165633537393931306161626439
3638343531626233350a623461313464356637666432616330613263643132373137366466396135
66396538313035663937383934386437343634623534316238356631336263666330663034356539
35383465633564343963653533373338616133313032633139353338633663636436316532336436
33616530326631646530636530343638343561633365383462636663626133326332323037623635
62616664373438343666356339666232396530343765373066643638636139386163356336636339
62663735323237366266663338393064323434646635346533363037303134376565623730306533
33326364656434303361323735646261316266613635613363373531616133356530336565306539
35363830343831633530626239623765633962666665663433303232633533333132366131333536
61343933646134376536306362386439373033316234643937663437316565363763393564346666
38626365653465303731306234616639656663643063313662336338346136636434383462306130
64623463333332333461656563613533353264376466356264323363393663386339313164623335
34643665353161336134343435343365333962313839653436383864613038646134373333623434
37636638343836336264336462346139343739653237313539373331306261386436623232656539
30316161306435643663393234613337343964343031336464376534393563386162313261656663
63353331613338373162346666343431393761313465373062333731323435653135613739316463
65343435303866653063663639366235623136373536626161633039363966333335326161633063
34346162663732613764353733646331616265373436643938633133363038323930636565353837
32313338373837386235653938313839363436373165313035373237306437346565626438376362
37383265316266626134313236376363623536323166386137386366653339323339353138626135
32636136613134303537343464663236636637306336386237623733633964646536386632343530
63623837653033356466343364396533663262313464633833636566663065346137623737303939
6635
