$ANSIBLE_VAULT;1.1;AES256
64643665633362356439313361653630343538306438326130633337636338366536393663623134
3765656135353733343630623564393365313533643935310a643537303037353562363837656134
35323534386530326462353831326539366433633132333938393031653639616266663236326361
6166643231653634300a313330663735633936363335333933633937323435396635663064386532
35393839316266373166393035376333356432356437646431353839376331336637353936306132
61343566303431653464363866363136326636326533353830316230623761646331306163643736
62366330663438386138383164353039653434323137616135643765653361666239636631373263
65383234366532383633306334333063356662613465623933343430346462356164386439633339
31336535333932306634623831313337323463316332366335343662393731653331613239396430
61306538616537373334373839663961616338373638303061383738383433613732666338616138
66636365373733306432366236326466636438346530333765303435346439626164336633663561
36326333393665653564
